{"circle":{"x":[[[128,128,128,128,128,128,128,128,128,128,128,128,128,128,128,128,128,128,128,128,128,128,128,128,128,128,128,128,128,128,128,128,128],[128,128,128,128,128,128,128,128,128,128,120,106,102,108,114,122,128,134,142,148,154,150,136,128,128,128,128,128,128,128,128,128,128],[128,128,128,128,128,128,128,128,112,90,88,96,102,106,114,122,128,134,142,150,154,160,168,166,144,128,128,128,128,128,128,128,128],[128,128,128,128,128,128,120,92,76,82,86,92,100,106,112,120,128,136,144,150,156,164,170,174,180,164,136,128,128,128,128,128,128],[128,128,128,128,128,110,80,68,72,80,84,90,100,106,112,120,128,136,144,150,156,166,172,176,184,188,176,146,128,128,128,128,128],[128,128,128,128,106,72,62,66,70,76,84,90,96,104,112,120,128,136,144,152,160,166,172,180,186,190,194,184,150,128,128,128,128],[128,128,128,110,72,54,58,64,70,74,80,88,96,104,112,120,128,136,144,152,160,168,176,182,186,192,198,202,184,146,128,128,128],[128,128,120,80,48,50,56,62,66,72,80,88,94,102,108,82,128,174,148,154,162,168,176,184,190,194,200,206,208,176,136,128,128],[128,128,92,50,46,50,54,58,64,72,78,86,94,102,36,8,128,248,220,154,162,170,178,184,192,198,202,206,210,206,164,128,128],[128,112,68,40,42,48,52,56,64,70,76,84,94,102,30,2,128,254,226,154,162,172,180,186,192,200,204,208,214,216,188,144,128],[128,90,46,40,40,44,50,56,62,68,76,84,92,100,98,72,128,184,158,156,164,172,180,188,194,200,206,212,216,216,210,166,128],[120,72,34,36,40,44,48,54,60,68,76,82,90,100,110,120,128,136,146,156,166,174,180,188,196,202,208,212,216,220,222,184,136],[106,58,32,34,38,42,48,54,58,66,74,82,92,100,108,118,128,138,148,156,164,174,182,190,198,202,208,214,218,222,224,198,150],[94,46,32,34,36,40,46,52,60,66,72,82,90,98,110,118,128,138,146,158,166,174,184,190,196,204,210,216,220,222,224,210,162],[86,36,30,34,36,40,46,52,58,64,72,82,90,98,110,118,128,138,146,158,166,174,184,192,198,204,210,216,220,222,226,220,170],[80,32,30,32,36,40,46,50,58,66,72,80,90,100,108,118,128,138,148,156,166,176,184,190,198,206,210,216,220,224,226,224,176],[80,30,28,32,36,40,46,50,56,64,74,82,88,98,110,118,128,138,146,158,168,174,182,192,200,206,210,216,220,224,228,226,176],[80,32,30,32,36,40,46,50,58,66,72,80,90,100,108,118,128,138,148,156,166,176,184,190,198,206,210,216,220,224,226,224,176],[86,36,30,34,36,40,46,52,58,64,72,82,90,98,110,118,128,138,146,158,166,174,184,192,198,204,210,216,220,222,226,220,170],[94,46,32,34,36,40,46,52,60,66,72,82,90,98,110,118,128,138,146,158,166,174,184,190,196,204,210,216,220,222,224,210,162],[106,58,32,34,38,42,48,54,58,66,74,82,92,100,108,118,128,138,148,156,164,174,182,190,198,202,208,214,218,222,224,198,150],[120,72,34,36,40,44,48,54,60,68,76,82,90,100,110,120,128,136,146,156,166,174,180,188,196,202,208,212,216,220,222,184,136],[128,90,46,40,40,44,50,56,62,68,76,84,92,100,110,118,128,138,146,156,164,172,180,188,194,200,206,212,216,216,210,166,128],[128,112,68,40,42,48,52,56,64,70,76,84,94,102,110,118,128,138,146,154,162,172,180,186,192,200,204,208,214,216,188,144,128],[128,128,92,50,46,50,54,58,64,72,78,86,94,102,110,118,128,138,146,154,162,170,178,184,192,198,202,206,210,206,164,128,128],[128,128,120,80,48,50,56,62,66,72,80,88,94,102,112,120,128,136,144,154,162,168,176,184,190,194,200,206,208,176,136,128,128],[128,128,128,110,72,54,58,64,70,74,80,88,96,104,112,120,128,136,144,152,160,168,176,182,186,192,198,202,184,146,128,128,128],[128,128,128,128,106,72,62,66,70,76,84,90,96,104,112,120,128,136,144,152,160,166,172,180,186,190,194,184,150,128,128,128,128],[128,128,128,128,128,110,80,68,72,80,84,90,100,106,112,120,128,136,144,150,156,166,172,176,184,188,176,146,128,128,128,128,128],[128,128,128,128,128,128,120,92,76,82,86,92,100,106,112,120,128,136,144,150,156,164,170,174,180,164,136,128,128,128,128,128,128],[128,128,128,128,128,128,128,128,112,90,88,96,102,106,114,122,128,134,142,150,154,160,168,166,144,128,128,128,128,128,128,128,128],[128,128,128,128,128,128,128,128,128,128,120,106,102,108,114,122,128,134,142,148,154,150,136,128,128,128,128,128,128,128,128,128,128],[128,128,128,128,128,128,128,128,128,128,128,128,128,128,128,128,128,128,128,128,128,128,128,128,128,128,128,128,128,128,128,128,128]],[[128,128,128,128,128,128,128,128,128,128,128,128,128,128,128,128,128,128,128,128,128,128,128,128,128,128,128,128,128,128,128,128,128],[128,128,128,128,128,128,128,128,128,128,120,106,102,108,114,122,128,134,142,148,154,150,136,128,128,128,128,128,128,128,128,128,128],[128,128,128,128,128,128,128,128,112,90,88,96,102,106,114,122,128,134,142,150,154,160,168,166,144,128,128,128,128,128,128,128,128],[128,128,128,128,128,128,120,92,76,82,86,92,100,106,112,120,128,136,144,150,156,164,170,174,180,164,136,128,128,128,128,128,128],[128,128,128,128,128,110,80,68,72,80,84,90,100,106,112,120,128,136,144,150,156,166,172,176,184,188,176,146,128,128,128,128,128],[128,128,128,128,106,72,62,66,70,76,84,90,96,104,112,120,128,136,144,152,160,166,172,180,186,190,194,184,150,128,128,128,128],[128,128,128,110,72,54,58,64,70,74,80,88,96,104,112,120,128,136,144,152,160,168,176,182,186,192,198,202,184,146,128,128,128],[128,128,120,80,48,50,56,62,66,72,80,88,94,102,112,120,128,136,144,154,162,168,176,184,190,194,200,206,208,176,136,128,128],[128,128,92,50,46,50,54,58,64,72,78,86,94,102,110,118,128,138,146,154,162,170,178,184,192,198,202,206,210,206,164,128,128],[128,112,68,40,42,48,52,56,64,70,76,84,94,102,110,118,128,138,146,154,162,172,180,186,192,200,204,208,214,216,188,144,128],[128,90,46,40,40,44,50,56,62,68,76,84,92,100,110,118,128,138,146,156,164,172,180,188,194,200,206,212,216,216,210,166,128],[120,72,34,36,40,44,48,54,60,68,76,82,90,100,110,120,128,136,146,156,166,174,180,188,196,202,208,212,216,220,222,184,136],[106,58,32,34,38,42,48,54,58,66,74,82,92,100,108,118,128,138,148,156,164,174,182,190,198,202,208,214,218,222,224,198,150],[94,46,32,34,36,40,46,52,60,66,72,82,90,98,110,118,128,138,146,158,166,174,184,190,196,204,210,216,220,222,224,210,162],[86,36,30,34,36,40,46,52,58,64,72,82,90,98,110,118,128,138,146,158,166,174,184,192,198,204,210,216,220,222,226,220,170],[80,32,30,32,36,40,46,50,58,66,72,80,90,100,108,118,128,138,148,156,166,164,104,128,274,280,214,216,220,224,226,224,176],[80,30,28,32,36,40,46,50,56,64,74,82,88,98,110,118,128,138,146,158,168,128,66,128,278,316,248,216,220,224,228,226,176],[80,32,30,32,36,40,46,50,58,66,72,80,90,100,108,118,128,138,148,156,166,164,104,128,274,280,214,216,220,224,226,224,176],[86,36,30,34,36,40,46,52,58,64,72,82,90,98,110,118,128,138,146,158,166,174,184,192,198,204,210,216,220,222,226,220,170],[94,46,32,34,36,40,46,52,60,66,72,82,90,98,110,118,128,138,146,158,166,174,184,190,196,204,210,216,220,222,224,210,162],[106,58,32,34,38,42,48,54,58,66,74,82,92,100,108,118,128,138,148,156,164,174,182,190,198,202,208,214,218,222,224,198,150],[120,72,34,36,40,44,48,54,60,68,76,82,90,100,110,120,128,136,146,156,166,174,180,188,196,202,208,212,216,220,222,184,136],[128,90,46,40,40,44,50,56,62,68,76,84,92,100,110,118,128,138,146,156,164,172,180,188,194,200,206,212,216,216,210,166,128],[128,112,68,40,42,48,52,56,64,70,76,84,94,102,110,118,128,138,146,154,162,172,180,186,192,200,204,208,214,216,188,144,128],[128,128,92,50,46,50,54,58,64,72,78,86,94,102,110,118,128,138,146,154,162,170,178,184,192,198,202,206,210,206,164,128,128],[128,128,120,80,48,50,56,62,66,72,80,88,94,102,112,120,128,136,144,154,162,168,176,184,190,194,200,206,208,176,136,128,128],[128,128,128,110,72,54,58,64,70,74,80,88,96,104,112,120,128,136,144,152,160,168,176,182,186,192,198,202,184,146,128,128,128],[128,128,128,128,106,72,62,66,70,76,84,90,96,104,112,120,128,136,144,152,160,166,172,180,186,190,194,184,150,128,128,128,128],[128,128,128,128,128,110,80,68,72,80,84,90,100,106,112,120,128,136,144,150,156,166,172,176,184,188,176,146,128,128,128,128,128],[128,128,128,128,128,128,120,92,76,82,86,92,100,106,112,120,128,136,144,150,156,164,170,174,180,164,136,128,128,128,128,128,128],[128,128,128,128,128,128,128,128,112,90,88,96,102,106,114,122,128,134,142,150,154,160,168,166,144,128,128,128,128,128,128,128,128],[128,128,128,128,128,128,128,128,128,128,120,106,102,108,114,122,128,134,142,148,154,150,136,128,128,128,128,128,128,128,128,128,128],[128,128,128,128,128,128,128,128,128,128,128,128,128,128,128,128,128,128,128,128,128,128,128,128,128,128,128,128,128,128,128,128,128]],[[128,128,128,128,128,128,128,128,128,128,128,128,128,128,128,128,128,128,128,128,128,128,128,128,128,128,128,128,128,128,128,128,128],[128,128,128,128,128,128,128,128,128,128,120,106,102,108,114,122,128,134,142,148,154,150,136,128,128,128,128,128,128,128,128,128,128],[128,128,128,128,128,128,128,128,112,90,88,96,102,106,114,122,128,134,142,150,154,160,168,166,144,128,128,128,128,128,128,128,128],[128,128,128,128,128,128,120,92,76,82,86,92,100,106,112,120,128,136,144,150,156,164,170,174,180,164,136,128,128,128,128,128,128],[128,128,128,128,128,110,80,68,72,80,84,90,100,106,112,120,128,136,144,150,156,166,172,176,184,188,176,146,128,128,128,128,128],[128,128,128,128,106,72,62,66,70,76,84,90,96,104,112,120,128,136,144,152,160,166,172,180,186,190,194,184,150,128,128,128,128],[128,128,128,110,72,54,58,64,70,74,80,88,96,104,112,120,128,136,144,152,160,168,176,182,186,192,198,202,184,146,128,128,128],[128,128,120,80,48,50,56,62,66,72,80,88,94,102,108,82,128,174,148,154,162,168,176,184,190,194,200,206,208,176,136,128,128],[128,128,92,50,46,50,54,58,64,72,78,86,94,102,36,8,128,248,220,154,162,170,178,184,192,198,202,206,210,206,164,128,128],[128,112,68,40,42,48,52,56,64,70,76,84,94,102,30,2,128,254,226,154,162,172,180,186,192,200,204,208,214,216,188,144,128],[128,90,46,40,40,44,50,56,62,68,76,84,92,100,98,72,128,184,158,156,164,172,180,188,194,200,206,212,216,216,210,166,128],[120,72,34,36,40,44,48,54,60,68,76,82,90,100,110,120,128,136,146,156,166,174,180,188,196,202,208,212,216,220,222,184,136],[106,58,32,34,38,42,48,54,58,66,74,82,92,100,108,118,128,138,148,156,164,174,182,190,198,202,208,214,218,222,224,198,150],[94,46,32,34,36,40,46,52,60,66,72,82,90,98,110,118,128,138,146,158,166,174,184,190,196,204,210,216,220,222,224,210,162],[86,36,30,34,36,40,46,52,58,64,72,82,90,98,110,118,128,138,146,158,166,174,184,192,198,204,210,216,220,222,226,220,170],[80,32,30,32,36,40,46,50,58,66,72,80,90,100,108,118,128,138,148,156,166,176,184,190,198,206,210,216,220,224,226,224,176],[80,30,28,32,36,40,46,50,56,64,74,82,88,98,110,118,128,138,146,158,168,174,182,192,200,206,210,216,220,224,228,226,176],[80,32,30,32,36,40,46,50,58,66,72,80,90,100,108,118,128,138,148,156,166,176,184,190,198,206,210,216,220,224,226,224,176],[86,36,30,34,36,40,46,52,58,64,72,82,90,98,110,118,128,138,146,158,166,174,184,192,198,204,210,216,220,222,226,220,170],[94,46,32,34,36,40,46,52,60,66,72,82,90,98,110,118,128,138,146,158,166,174,184,190,196,204,210,216,220,222,224,210,162],[106,58,32,34,38,42,48,54,58,66,74,82,92,100,108,118,128,138,148,156,164,174,182,190,198,202,208,214,218,222,224,198,150],[120,72,34,36,40,44,48,54,60,68,76,82,90,100,110,120,128,136,146,156,166,174,180,188,196,202,208,212,216,220,222,184,136],[128,90,46,40,40,44,50,56,62,68,76,84,92,100,110,118,128,138,146,156,164,172,180,188,194,200,206,212,216,216,210,166,128],[128,112,68,40,42,48,52,56,64,70,76,84,94,102,110,118,128,138,146,154,162,172,180,186,192,200,204,208,214,216,188,144,128],[128,128,92,50,46,50,54,58,64,72,78,86,94,102,110,118,128,138,146,154,162,170,178,184,192,198,202,206,210,206,164,128,128],[128,128,120,80,48,50,56,62,66,72,80,88,94,102,112,120,128,136,144,154,162,168,176,184,190,194,200,206,208,176,136,128,128],[128,128,128,110,72,54,58,64,70,74,80,88,96,104,112,120,128,136,144,152,160,168,176,182,186,192,198,202,184,146,128,128,128],[128,128,128,128,106,72,62,66,70,76,84,90,96,104,112,120,128,136,144,152,160,166,172,180,186,190,194,184,150,128,128,128,128],[128,128,128,128,128,110,80,68,72,80,84,90,100,106,112,120,128,136,144,150,156,166,172,176,184,188,176,146,128,128,128,128,128],[128,128,128,128,128,128,120,92,76,82,86,92,100,106,112,120,128,136,144,150,156,164,170,174,180,164,136,128,128,128,128,128,128],[128,128,128,128,128,128,128,128,112,90,88,96,102,106,114,122,128,134,142,150,154,160,168,166,144,128,128,128,128,128,128,128,128],[128,128,128,128,128,128,128,128,128,128,120,106,102,108,114,122,128,134,142,148,154,150,136,128,128,128,128,128,128,128,128,128,128],[128,128,128,128,128,128,128,128,128,128,128,128,128,128,128,128,128,128,128,128,128,128,128,128,128,128,128,128,128,128,128,128,128]],[[128,128,128,128,128,128,128,128,128,128,128,128,128,128,128,128,128,128,128,128,128,128,128,128,128,128,128,128,128,128,128,128,128],[128,128,128,128,128,128,128,128,128,128,120,106,102,108,114,122,128,134,142,148,154,150,136,128,128,128,128,128,128,128,128,128,128],[128,128,128,128,128,128,128,128,112,90,88,96,102,106,114,122,128,134,142,150,154,160,168,166,144,128,128,128,128,128,128,128,128],[128,128,128,128,128,128,120,92,76,82,86,92,100,106,112,120,128,136,144,150,156,164,170,174,180,164,136,128,128,128,128,128,128],[128,128,128,128,128,110,80,68,72,80,84,90,100,106,112,120,128,136,144,150,156,166,172,176,184,188,176,146,128,128,128,128,128],[128,128,128,128,106,72,62,66,70,76,84,90,96,104,112,120,128,136,144,152,160,166,172,180,186,190,194,184,150,128,128,128,128],[128,128,128,110,72,54,58,64,70,74,80,88,96,104,112,120,128,136,144,152,160,168,176,182,186,192,198,202,184,146,128,128,128],[128,128,120,80,48,50,56,62,66,72,80,88,94,102,112,120,128,136,144,154,162,168,176,184,190,194,200,206,208,176,136,128,128],[128,128,92,50,46,50,54,58,64,72,78,86,94,102,110,118,128,138,146,154,162,170,178,184,192,198,202,206,210,206,164,128,128],[128,112,68,40,42,48,52,56,64,70,76,84,94,102,110,118,128,138,146,154,162,172,180,186,192,200,204,208,214,216,188,144,128],[128,90,46,40,40,44,50,56,62,68,76,84,92,100,110,118,128,138,146,156,164,172,180,188,194,200,206,212,216,216,210,166,128],[120,72,34,36,40,44,48,54,60,68,76,82,90,100,110,120,128,136,146,156,166,174,180,188,196,202,208,212,216,220,222,184,136],[106,58,32,34,38,42,48,54,58,66,74,82,92,100,108,118,128,138,148,156,164,174,182,190,198,202,208,214,218,222,224,198,150],[94,46,32,34,36,40,46,52,60,66,72,82,90,98,110,118,128,138,146,158,166,174,184,190,196,204,210,216,220,222,224,210,162],[86,36,30,34,36,40,46,52,58,64,72,82,90,98,110,118,128,138,146,158,166,174,184,192,198,204,210,216,220,222,226,220,170],[80,32,30,32,36,40,46,50,58,66,72,80,90,100,108,118,128,138,148,156,166,164,104,128,274,280,214,216,220,224,226,224,176],[80,30,28,32,36,40,46,50,56,64,74,82,88,98,110,118,128,138,146,158,168,128,66,128,278,316,248,216,220,224,228,226,176],[80,32,30,32,36,40,46,50,58,66,72,80,90,100,108,118,128,138,148,156,166,164,104,128,274,280,214,216,220,224,226,224,176],[86,36,30,34,36,40,46,52,58,64,72,82,90,98,110,118,128,138,146,158,166,174,184,192,198,204,210,216,220,222,226,220,170],[94,46,32,34,36,40,46,52,60,66,72,82,90,98,110,118,128,138,146,158,166,174,184,190,196,204,210,216,220,222,224,210,162],[106,58,32,34,38,42,48,54,58,66,74,82,92,100,108,118,128,138,148,156,164,174,182,190,198,202,208,214,218,222,224,198,150],[120,72,34,36,40,44,48,54,60,68,76,82,90,100,110,120,128,136,146,156,166,174,180,188,196,202,208,212,216,220,222,184,136],[128,90,46,40,40,44,50,56,62,68,76,84,92,100,110,118,128,138,146,156,164,172,180,188,194,200,206,212,216,216,210,166,128],[128,112,68,40,42,48,52,56,64,70,76,84,94,102,110,118,128,138,146,154,162,172,180,186,192,200,204,208,214,216,188,144,128],[128,128,92,50,46,50,54,58,64,72,78,86,94,102,110,118,128,138,146,154,162,170,178,184,192,198,202,206,210,206,164,128,128],[128,128,120,80,48,50,56,62,66,72,80,88,94,102,112,120,128,136,144,154,162,168,176,184,190,194,200,206,208,176,136,128,128],[128,128,128,110,72,54,58,64,70,74,80,88,96,104,112,120,128,136,144,152,160,168,176,182,186,192,198,202,184,146,128,128,128],[128,128,128,128,106,72,62,66,70,76,84,90,96,104,112,120,128,136,144,152,160,166,172,180,186,190,194,184,150,128,128,128,128],[128,128,128,128,128,110,80,68,72,80,84,90,100,106,112,120,128,136,144,150,156,166,172,176,184,188,176,146,128,128,128,128,128],[128,128,128,128,128,128,120,92,76,82,86,92,100,106,112,120,128,136,144,150,156,164,170,174,180,164,136,128,128,128,128,128,128],[128,128,128,128,128,128,128,128,112,90,88,96,102,106,114,122,128,134,142,150,154,160,168,166,144,128,128,128,128,128,128,128,128],[128,128,128,128,128,128,128,128,128,128,120,106,102,108,114,122,128,134,142,148,154,150,136,128,128,128,128,128,128,128,128,128,128],[128,128,128,128,128,128,128,128,128,128,128,128,128,128,128,128,128,128,128,128,128,128,128,128,128,128,128,128,128,128,128,128,128]]],"y":[[[128,128,128,128,128,128,128,128,128,128,128,120,106,94,86,80,80,80,86,94,106,120,128,128,128,128,128,128,128,128,128,128,128],[128,128,128,128,128,128,128,128,128,112,90,72,58,46,36,32,30,32,36,46,58,72,90,112,128,128,128,128,128,128,128,128,128],[128,128,128,128,128,128,128,120,92,68,46,34,32,32,30,30,28,30,30,32,32,34,46,68,92,120,128,128,128,128,128,128,128],[128,128,128,128,128,128,110,80,50,40,40,36,34,34,34,32,32,32,34,34,34,36,40,40,50,80,110,128,128,128,128,128,128],[128,128,128,128,128,106,72,48,46,42,40,40,38,36,36,36,36,36,36,36,38,40,40,42,46,48,72,106,128,128,128,128,128],[128,128,128,128,110,72,54,50,50,48,44,44,42,40,40,40,40,40,40,40,42,44,44,48,50,50,54,72,110,128,128,128,128],[128,128,128,120,80,62,58,56,54,52,50,48,48,46,46,42,8,42,46,46,48,48,50,52,54,56,58,62,80,120,128,128,128],[128,128,128,92,68,66,64,62,58,56,56,54,54,52,52,-24,-60,-24,52,52,54,54,56,56,58,62,64,66,68,92,128,128,128],[128,128,112,76,72,70,70,66,64,64,62,60,58,60,58,-18,-22,-18,58,60,58,60,62,64,64,66,70,70,72,76,112,128,128],[128,128,90,82,80,76,74,72,72,70,68,68,66,66,64,128,128,128,64,66,66,68,68,70,72,72,74,76,80,82,90,128,128],[128,120,88,86,84,84,80,80,78,76,76,76,74,72,72,152,190,152,72,72,74,76,76,76,78,80,80,84,84,86,88,120,128],[128,106,96,92,90,90,88,88,86,84,84,82,82,82,82,92,128,92,82,82,82,82,84,84,86,88,88,90,90,92,96,106,128],[128,102,102,100,100,96,96,94,94,94,92,90,92,90,90,90,88,90,90,90,92,90,92,94,94,94,96,96,100,100,102,102,128],[128,108,106,106,106,104,104,102,102,102,100,100,100,98,98,100,98,100,98,98,100,100,100,102,102,102,104,104,106,106,106,108,128],[128,114,114,112,112,112,112,112,110,110,110,110,108,110,110,108,110,108,110,110,108,110,110,110,110,112,112,112,112,112,114,114,128],[128,122,122,120,120,120,120,120,118,118,118,120,118,118,118,118,118,118,118,118,118,120,118,118,118,120,120,120,120,120,122,122,128],[128,128,128,128,128,128,128,128,128,128,128,128,128,128,128,128,128,128,128,128,128,128,128,128,128,128,128,128,128,128,128,128,128],[128,134,134,136,136,136,136,136,138,138,138,136,138,138,138,138,138,138,138,138,138,136,138,138,138,136,136,136,136,136,134,134,128],[128,142,142,144,144,144,144,144,146,146,146,146,148,146,146,148,146,148,146,146,148,146,146,146,146,144,144,144,144,144,142,142,128],[128,148,150,150,150,152,152,154,154,154,156,156,156,158,158,156,158,156,158,158,156,156,156,154,154,154,152,152,150,150,150,148,128],[128,154,154,156,156,160,160,162,162,162,164,166,164,166,166,166,168,166,166,166,164,166,164,162,162,162,160,160,156,156,154,154,128],[128,150,160,164,166,166,168,168,170,172,172,174,174,174,174,176,174,176,174,174,174,174,172,172,170,168,168,166,166,164,160,150,128],[128,136,168,170,172,172,176,176,178,180,180,180,182,184,184,184,182,184,184,184,182,180,180,180,178,176,176,172,172,170,168,136,128],[128,128,166,174,176,180,182,184,184,186,188,188,190,190,192,190,192,190,192,190,190,188,188,186,184,184,182,180,176,174,166,128,128],[128,128,144,180,184,186,186,190,192,192,194,196,198,196,198,198,200,198,198,196,198,196,194,192,192,190,186,186,184,180,144,128,128],[128,128,128,164,188,190,192,194,198,200,200,202,202,204,204,206,206,206,204,204,202,202,200,200,198,194,192,190,188,164,128,128,128],[128,128,128,136,176,194,198,200,202,204,206,208,208,210,210,210,210,210,210,210,208,208,206,204,202,200,198,194,176,136,128,128,128],[128,128,128,128,146,184,202,206,206,208,212,212,214,216,216,216,216,216,216,216,214,212,212,208,206,206,202,184,146,128,128,128,128],[128,128,128,128,128,150,184,208,210,214,216,216,218,220,220,220,220,220,220,220,218,216,216,214,210,208,184,150,128,128,128,128,128],[128,128,128,128,128,128,146,176,206,216,216,220,222,222,222,224,224,224,222,222,222,220,216,216,206,176,146,128,128,128,128,128,128],[128,128,128,128,128,128,128,136,164,188,210,222,224,224,226,226,228,226,226,224,224,222,210,188,164,136,128,128,128,128,128,128,128],[128,128,128,128,128,128,128,128,128,144,166,184,198,210,220,224,226,224,220,210,198,184,166,144,128,128,128,128,128,128,128,128,128],[128,128,128,128,128,128,128,128,128,128,128,136,150,162,170,176,176,176,170,162,150,136,128,128,128,128,128,128,128,128,128,128,128]],[[128,128,128,128,128,128,128,128,128,128,128,120,106,94,86,80,80,80,86,94,106,120,128,128,128,128,128,128,128,128,128,128,128],[128,128,128,128,128,128,128,128,128,112,90,72,58,46,36,32,30,32,36,46,58,72,90,112,128,128,128,128,128,128,128,128,128],[128,128,128,128,128,128,128,120,92,68,46,34,32,32,30,30,28,30,30,32,32,34,46,68,92,120,128,128,128,128,128,128,128],[128,128,128,128,128,128,110,80,50,40,40,36,34,34,34,32,32,32,34,34,34,36,40,40,50,80,110,128,128,128,128,128,128],[128,128,128,128,128,106,72,48,46,42,40,40,38,36,36,36,36,36,36,36,38,40,40,42,46,48,72,106,128,128,128,128,128],[128,128,128,128,110,72,54,50,50,48,44,44,42,40,40,40,40,40,40,40,42,44,44,48,50,50,54,72,110,128,128,128,128],[128,128,128,120,80,62,58,56,54,52,50,48,48,46,46,46,46,46,46,46,48,48,50,52,54,56,58,62,80,120,128,128,128],[128,128,128,92,68,66,64,62,58,56,56,54,54,52,52,50,50,50,52,52,54,54,56,56,58,62,64,66,68,92,128,128,128],[128,128,112,76,72,70,70,66,64,64,62,60,58,60,58,58,56,58,58,60,58,60,62,64,64,66,70,70,72,76,112,128,128],[128,128,90,82,80,76,74,72,72,70,68,68,66,66,64,66,64,66,64,66,66,68,68,70,72,72,74,76,80,82,90,128,128],[128,120,88,86,84,84,80,80,78,76,76,76,74,72,72,72,74,72,72,72,74,76,76,76,78,80,80,84,84,86,88,120,128],[128,106,96,92,90,90,88,88,86,84,84,82,82,82,82,80,82,80,82,82,82,82,84,84,86,88,88,90,90,92,96,106,128],[128,102,102,100,100,96,96,94,94,94,92,90,92,90,90,90,88,90,90,90,92,90,92,94,94,94,96,96,100,100,102,102,128],[128,108,106,106,106,104,104,102,102,102,100,100,100,98,98,100,98,100,98,98,100,100,100,102,102,102,104,104,106,106,106,108,128],[128,114,114,112,112,112,112,112,110,110,110,110,108,110,110,108,110,108,110,110,108,110,98,30,36,108,112,112,112,112,114,114,128],[128,122,122,120,120,120,120,120,118,118,118,120,118,118,118,118,118,118,118,118,118,120,72,2,8,82,120,120,120,120,122,122,128],[128,128,128,128,128,128,128,128,128,128,128,128,128,128,128,128,128,128,128,128,128,128,128,128,128,128,128,128,128,128,128,128,128],[128,134,134,136,136,136,136,136,138,138,138,136,138,138,138,138,138,138,138,138,138,136,184,254,248,174,136,136,136,136,134,134,128],[128,142,142,144,144,144,144,144,146,146,146,146,148,146,146,148,146,148,146,146,148,146,158,226,220,148,144,144,144,144,142,142,128],[128,148,150,150,150,152,152,154,154,154,156,156,156,158,158,156,158,156,158,158,156,156,156,154,154,154,152,152,150,150,150,148,128],[128,154,154,156,156,160,160,162,162,162,164,166,164,166,166,166,168,166,166,166,164,166,164,162,162,162,160,160,156,156,154,154,128],[128,150,160,164,166,166,168,168,170,172,172,174,174,174,174,176,174,176,174,174,174,174,172,172,170,168,168,166,166,164,160,150,128],[128,136,168,170,172,172,176,176,178,180,180,180,182,184,184,184,182,184,184,184,182,180,180,180,178,176,176,172,172,170,168,136,128],[128,128,166,174,176,180,182,184,184,186,188,188,190,190,192,190,192,190,192,190,190,188,188,186,184,184,182,180,176,174,166,128,128],[128,128,144,180,184,186,186,190,192,192,194,196,198,196,198,198,200,198,198,196,198,196,194,192,192,190,186,186,184,180,144,128,128],[128,128,128,164,188,190,192,194,198,200,200,202,202,204,204,206,206,206,204,204,202,202,200,200,198,194,192,190,188,164,128,128,128],[128,128,128,136,176,194,198,200,202,204,206,208,208,210,210,210,210,210,210,210,208,208,206,204,202,200,198,194,176,136,128,128,128],[128,128,128,128,146,184,202,206,206,208,212,212,214,216,216,216,216,216,216,216,214,212,212,208,206,206,202,184,146,128,128,128,128],[128,128,128,128,128,150,184,208,210,214,216,216,218,220,220,220,220,220,220,220,218,216,216,214,210,208,184,150,128,128,128,128,128],[128,128,128,128,128,128,146,176,206,216,216,220,222,222,222,224,224,224,222,222,222,220,216,216,206,176,146,128,128,128,128,128,128],[128,128,128,128,128,128,128,136,164,188,210,222,224,224,226,226,228,226,226,224,224,222,210,188,164,136,128,128,128,128,128,128,128],[128,128,128,128,128,128,128,128,128,144,166,184,198,210,220,224,226,224,220,210,198,184,166,144,128,128,128,128,128,128,128,128,128],[128,128,128,128,128,128,128,128,128,128,128,136,150,162,170,176,176,176,170,162,150,136,128,128,128,128,128,128,128,128,128,128,128]],[[128,128,128,128,128,128,128,128,128,128,128,120,106,94,86,80,80,80,86,94,106,120,128,128,128,128,128,128,128,128,128,128,128],[128,128,128,128,128,128,128,128,128,112,90,72,58,46,36,32,30,32,36,46,58,72,90,112,128,128,128,128,128,128,128,128,128],[128,128,128,128,128,128,128,120,92,68,46,34,32,32,30,30,28,30,30,32,32,34,46,68,92,120,128,128,128,128,128,128,128],[128,128,128,128,128,128,110,80,50,40,40,36,34,34,34,32,32,32,34,34,34,36,40,40,50,80,110,128,128,128,128,128,128],[128,128,128,128,128,106,72,48,46,42,40,40,38,36,36,36,36,36,36,36,38,40,40,42,46,48,72,106,128,128,128,128,128],[128,128,128,128,110,72,54,50,50,48,44,44,42,40,40,40,40,40,40,40,42,44,44,48,50,50,54,72,110,128,128,128,128],[128,128,128,120,80,62,58,56,54,52,50,48,48,46,46,42,8,42,46,46,48,48,50,52,54,56,58,62,80,120,128,128,128],[128,128,128,92,68,66,64,62,58,56,56,54,54,52,52,-24,-60,-24,52,52,54,54,56,56,58,62,64,66,68,92,128,128,128],[128,128,112,76,72,70,70,66,64,64,62,60,58,60,58,-18,-22,-18,58,60,58,60,62,64,64,66,70,70,72,76,112,128,128],[128,128,90,82,80,76,74,72,72,70,68,68,66,66,64,128,128,128,64,66,66,68,68,70,72,72,74,76,80,82,90,128,128],[128,120,88,86,84,84,80,80,78,76,76,76,74,72,72,152,190,152,72,72,74,76,76,76,78,80,80,84,84,86,88,120,128],[128,106,96,92,90,90,88,88,86,84,84,82,82,82,82,92,128,92,82,82,82,82,84,84,86,88,88,90,90,92,96,106,128],[128,102,102,100,100,96,96,94,94,94,92,90,92,90,90,90,88,90,90,90,92,90,92,94,94,94,96,96,100,100,102,102,128],[128,108,106,106,106,104,104,102,102,102,100,100,100,98,98,100,98,100,98,98,100,100,100,102,102,102,104,104,106,106,106,108,128],[128,114,114,112,112,112,112,112,110,110,110,110,108,110,110,108,110,108,110,110,108,110,110,110,110,112,112,112,112,112,114,114,128],[128,122,122,120,120,120,120,120,118,118,118,120,118,118,118,118,118,118,118,118,118,120,118,118,118,120,120,120,120,120,122,122,128],[128,128,128,128,128,128,128,128,128,128,128,128,128,128,128,128,128,128,128,128,128,128,128,128,128,128,128,128,128,128,128,128,128],[128,134,134,136,136,136,136,136,138,138,138,136,138,138,138,138,138,138,138,138,138,136,138,138,138,136,136,136,136,136,134,134,128],[128,142,142,144,144,144,144,144,146,146,146,146,148,146,146,148,146,148,146,146,148,146,146,146,146,144,144,144,144,144,142,142,128],[128,148,150,150,150,152,152,154,154,154,156,156,156,158,158,156,158,156,158,158,156,156,156,154,154,154,152,152,150,150,150,148,128],[128,154,154,156,156,160,160,162,162,162,164,166,164,166,166,166,168,166,166,166,164,166,164,162,162,162,160,160,156,156,154,154,128],[128,150,160,164,166,166,168,168,170,172,172,174,174,174,174,176,174,176,174,174,174,174,172,172,170,168,168,166,166,164,160,150,128],[128,136,168,170,172,172,176,176,178,180,180,180,182,184,184,184,182,184,184,184,182,180,180,180,178,176,176,172,172,170,168,136,128],[128,128,166,174,176,180,182,184,184,186,188,188,190,190,192,190,192,190,192,190,190,188,188,186,184,184,182,180,176,174,166,128,128],[128,128,144,180,184,186,186,190,192,192,194,196,198,196,198,198,200,198,198,196,198,196,194,192,192,190,186,186,184,180,144,128,128],[128,128,128,164,188,190,192,194,198,200,200,202,202,204,204,206,206,206,204,204,202,202,200,200,198,194,192,190,188,164,128,128,128],[128,128,128,136,176,194,198,200,202,204,206,208,208,210,210,210,210,210,210,210,208,208,206,204,202,200,198,194,176,136,128,128,128],[128,128,128,128,146,184,202,206,206,208,212,212,214,216,216,216,216,216,216,216,214,212,212,208,206,206,202,184,146,128,128,128,128],[128,128,128,128,128,150,184,208,210,214,216,216,218,220,220,220,220,220,220,220,218,216,216,214,210,208,184,150,128,128,128,128,128],[128,128,128,128,128,128,146,176,206,216,216,220,222,222,222,224,224,224,222,222,222,220,216,216,206,176,146,128,128,128,128,128,128],[128,128,128,128,128,128,128,136,164,188,210,222,224,224,226,226,228,226,226,224,224,222,210,188,164,136,128,128,128,128,128,128,128],[128,128,128,128,128,128,128,128,128,144,166,184,198,210,220,224,226,224,220,210,198,184,166,144,128,128,128,128,128,128,128,128,128],[128,128,128,128,128,128,128,128,128,128,128,136,150,162,170,176,176,176,170,162,150,136,128,128,128,128,128,128,128,128,128,128,128]],[[128,128,128,128,128,128,128,128,128,128,128,120,106,94,86,80,80,80,86,94,106,120,128,128,128,128,128,128,128,128,128,128,128],[128,128,128,128,128,128,128,128,128,112,90,72,58,46,36,32,30,32,36,46,58,72,90,112,128,128,128,128,128,128,128,128,128],[128,128,128,128,128,128,128,120,92,68,46,34,32,32,30,30,28,30,30,32,32,34,46,68,92,120,128,128,128,128,128,128,128],[128,128,128,128,128,128,110,80,50,40,40,36,34,34,34,32,32,32,34,34,34,36,40,40,50,80,110,128,128,128,128,128,128],[128,128,128,128,128,106,72,48,46,42,40,40,38,36,36,36,36,36,36,36,38,40,40,42,46,48,72,106,128,128,128,128,128],[128,128,128,128,110,72,54,50,50,48,44,44,42,40,40,40,40,40,40,40,42,44,44,48,50,50,54,72,110,128,128,128,128],[128,128,128,120,80,62,58,56,54,52,50,48,48,46,46,46,46,46,46,46,48,48,50,52,54,56,58,62,80,120,128,128,128],[128,128,128,92,68,66,64,62,58,56,56,54,54,52,52,50,50,50,52,52,54,54,56,56,58,62,64,66,68,92,128,128,128],[128,128,112,76,72,70,70,66,64,64,62,60,58,60,58,58,56,58,58,60,58,60,62,64,64,66,70,70,72,76,112,128,128],[128,128,90,82,80,76,74,72,72,70,68,68,66,66,64,66,64,66,64,66,66,68,68,70,72,72,74,76,80,82,90,128,128],[128,120,88,86,84,84,80,80,78,76,76,76,74,72,72,72,74,72,72,72,74,76,76,76,78,80,80,84,84,86,88,120,128],[128,106,96,92,90,90,88,88,86,84,84,82,82,82,82,80,82,80,82,82,82,82,84,84,86,88,88,90,90,92,96,106,128],[128,102,102,100,100,96,96,94,94,94,92,90,92,90,90,90,88,90,90,90,92,90,92,94,94,94,96,96,100,100,102,102,128],[128,108,106,106,106,104,104,102,102,102,100,100,100,98,98,100,98,100,98,98,100,100,100,102,102,102,104,104,106,106,106,108,128],[128,114,114,112,112,112,112,112,110,110,110,110,108,110,110,108,110,108,110,110,108,110,98,30,36,108,112,112,112,112,114,114,128],[128,122,122,120,120,120,120,120,118,118,118,120,118,118,118,118,118,118,118,118,118,120,72,2,8,82,120,120,120,120,122,122,128],[128,128,128,128,128,128,128,128,128,128,128,128,128,128,128,128,128,128,128,128,128,128,128,128,128,128,128,128,128,128,128,128,128],[128,134,134,136,136,136,136,136,138,138,138,136,138,138,138,138,138,138,138,138,138,136,184,254,248,174,136,136,136,136,134,134,128],[128,142,142,144,144,144,144,144,146,146,146,146,148,146,146,148,146,148,146,146,148,146,158,226,220,148,144,144,144,144,142,142,128],[128,148,150,150,150,152,152,154,154,154,156,156,156,158,158,156,158,156,158,158,156,156,156,154,154,154,152,152,150,150,150,148,128],[128,154,154,156,156,160,160,162,162,162,164,166,164,166,166,166,168,166,166,166,164,166,164,162,162,162,160,160,156,156,154,154,128],[128,150,160,164,166,166,168,168,170,172,172,174,174,174,174,176,174,176,174,174,174,174,172,172,170,168,168,166,166,164,160,150,128],[128,136,168,170,172,172,176,176,178,180,180,180,182,184,184,184,182,184,184,184,182,180,180,180,178,176,176,172,172,170,168,136,128],[128,128,166,174,176,180,182,184,184,186,188,188,190,190,192,190,192,190,192,190,190,188,188,186,184,184,182,180,176,174,166,128,128],[128,128,144,180,184,186,186,190,192,192,194,196,198,196,198,198,200,198,198,196,198,196,194,192,192,190,186,186,184,180,144,128,128],[128,128,128,164,188,190,192,194,198,200,200,202,202,204,204,206,206,206,204,204,202,202,200,200,198,194,192,190,188,164,128,128,128],[128,128,128,136,176,194,198,200,202,204,206,208,208,210,210,210,210,210,210,210,208,208,206,204,202,200,198,194,176,136,128,128,128],[128,128,128,128,146,184,202,206,206,208,212,212,214,216,216,216,216,216,216,216,214,212,212,208,206,206,202,184,146,128,128,128,128],[128,128,128,128,128,150,184,208,210,214,216,216,218,220,220,220,220,220,220,220,218,216,216,214,210,208,184,150,128,128,128,128,128],[128,128,128,128,128,128,146,176,206,216,216,220,222,222,222,224,224,224,222,222,222,220,216,216,206,176,146,128,128,128,128,128,128],[128,128,128,128,128,128,128,136,164,188,210,222,224,224,226,226,228,226,226,224,224,222,210,188,164,136,128,128,128,128,128,128,128],[128,128,128,128,128,128,128,128,128,144,166,184,198,210,220,224,226,224,220,210,198,184,166,144,128,128,128,128,128,128,128,128,128],[128,128,128,128,128,128,128,128,128,128,128,136,150,162,170,176,176,176,170,162,150,136,128,128,128,128,128,128,128,128,128,128,128]]]},"circle_mask":[[[[0,0,0,0,0,0,0,0,0,0,0,0,0,0,0,0,0,0,0,0,0,0,0,0,0,0,0,0,0,0,0,0,0],[0,0,0,0,0,0,0,0,0,0,0,4,11,17,21,24,24,24,21,17,11,4,0,0,0,0,0,0,0,0,0,0,0],[0,0,0,0,0,0,0,0,0,8,19,28,35,41,46,48,49,48,46,41,35,28,19,8,0,0,0,0,0,0,0,0,0],[0,0,0,0,0,0,0,4,18,30,41,51,59,65,70,73,74,73,70,65,59,51,41,30,18,4,0,0,0,0,0,0,0],[0,0,0,0,0,0,9,24,39,52,63,74,82,88,93,96,97,96,93,88,82,74,63,52,39,24,9,0,0,0,0,0,0],[0,0,0,0,0,11,28,44,59,73,85,95,104,111,116,119,120,119,116,111,104,95,85,73,59,44,28,11,0,0,0,0,0],[0,0,0,0,9,28,46,63,78,92,105,116,125,132,137,140,141,140,137,132,125,116,105,92,78,63,46,28,9,0,0,0,0],[0,0,0,4,24,44,63,80,96,111,124,135,144,152,157,162,180,162,157,152,144,135,124,111,96,80,63,44,24,4,0,0,0],[0,0,0,18,39,59,78,96,113,128,141,153,162,170,175,216,235,216,175,170,162,153,141,128,113,96,78,59,39,18,0,0,0],[0,0,8,30,52,73,92,111,128,143,157,169,179,186,192,235,255,235,192,186,179,169,157,143,128,111,92,73,52,30,8,0,0],[0,0,19,41,63,85,105,124,141,157,171,183,193,201,207,216,235,216,207,201,193,183,171,157,141,124,105,85,63,41,19,0,0],[0,4,28,51,74,95,116,135,153,169,183,195,206,214,220,223,224,223,220,214,206,195,183,169,153,135,116,95,74,51,28,4,0],[0,11,35,59,82,104,125,144,162,179,193,206,216,224,230,234,235,234,230,224,216,206,193,179,162,144,125,104,82,59,35,11,0],[0,17,41,65,88,111,132,152,170,186,201,214,224,233,239,242,244,242,239,233,224,214,201,186,170,152,132,111,88,65,41,17,0],[0,21,46,70,93,116,137,157,175,192,207,220,230,239,245,248,250,248,245,239,230,220,207,192,175,157,137,116,93,70,46,21,0],[0,24,48,73,96,119,140,160,179,195,210,223,234,242,248,252,253,252,248,242,234,223,210,195,179,160,140,119,96,73,48,24,0],[0,24,49,74,97,120,141,161,180,197,212,224,235,244,250,253,255,253,250,244,235,224,212,197,180,161,141,120,97,74,49,24,0],[0,24,48,73,96,119,140,160,179,195,210,223,234,242,248,252,253,252,248,242,234,223,210,195,179,160,140,119,96,73,48,24,0],[0,21,46,70,93,116,137,157,175,192,207,220,230,239,245,248,250,248,245,239,230,220,207,192,175,157,137,116,93,70,46,21,0],[0,17,41,65,88,111,132,152,170,186,201,214,224,233,239,242,244,242,239,233,224,214,201,186,170,152,132,111,88,65,41,17,0],[0,11,35,59,82,104,125,144,162,179,193,206,216,224,230,234,235,234,230,224,216,206,193,179,162,144,125,104,82,59,35,11,0],[0,4,28,51,74,95,116,135,153,169,183,195,206,214,220,223,224,223,220,214,206,195,183,169,153,135,116,95,74,51,28,4,0],[0,0,19,41,63,85,105,124,141,157,171,183,193,201,207,210,212,210,207,201,193,183,171,157,141,124,105,85,63,41,19,0,0],[0,0,8,30,52,73,92,111,128,143,157,169,179,186,192,195,197,195,192,186,179,169,157,143,128,111,92,73,52,30,8,0,0],[0,0,0,18,39,59,78,96,113,128,141,153,162,170,175,179,180,179,175,170,162,153,141,128,113,96,78,59,39,18,0,0,0],[0,0,0,4,24,44,63,80,96,111,124,135,144,152,157,160,161,160,157,152,144,135,124,111,96,80,63,44,24,4,0,0,0],[0,0,0,0,9,28,46,63,78,92,105,116,125,132,137,140,141,140,137,132,125,116,105,92,78,63,46,28,9,0,0,0,0],[0,0,0,0,0,11,28,44,59,73,85,95,104,111,116,119,120,119,116,111,104,95,85,73,59,44,28,11,0,0,0,0,0],[0,0,0,0,0,0,9,24,39,52,63,74,82,88,93,96,97,96,93,88,82,74,63,52,39,24,9,0,0,0,0,0,0],[0,0,0,0,0,0,0,4,18,30,41,51,59,65,70,73,74,73,70,65,59,51,41,30,18,4,0,0,0,0,0,0,0],[0,0,0,0,0,0,0,0,0,8,19,28,35,41,46,48,49,48,46,41,35,28,19,8,0,0,0,0,0,0,0,0,0],[0,0,0,0,0,0,0,0,0,0,0,4,11,17,21,24,24,24,21,17,11,4,0,0,0,0,0,0,0,0,0,0,0],[0,0,0,0,0,0,0,0,0,0,0,0,0,0,0,0,0,0,0,0,0,0,0,0,0,0,0,0,0,0,0,0,0]],[[0,0,0,0,0,0,0,0,0,0,0,0,0,0,0,0,0,0,0,0,0,0,0,0,0,0,0,0,0,0,0,0,0],[0,0,0,0,0,0,0,0,0,0,0,4,11,17,21,24,24,24,21,17,11,4,0,0,0,0,0,0,0,0,0,0,0],[0,0,0,0,0,0,0,0,0,8,19,28,35,41,46,48,49,48,46,41,35,28,19,8,0,0,0,0,0,0,0,0,0],[0,0,0,0,0,0,0,4,18,30,41,51,59,65,70,73,74,73,70,65,59,51,41,30,18,4,0,0,0,0,0,0,0],[0,0,0,0,0,0,9,24,39,52,63,74,82,88,93,96,97,96,93,88,82,74,63,52,39,24,9,0,0,0,0,0,0],[0,0,0,0,0,11,28,44,59,73,85,95,104,111,116,119,120,119,116,111,104,95,85,73,59,44,28,11,0,0,0,0,0],[0,0,0,0,9,28,46,63,78,92,105,116,125,132,137,140,141,140,137,132,125,116,105,92,78,63,46,28,9,0,0,0,0],[0,0,0,4,24,44,63,80,96,111,124,135,144,152,157,160,161,160,157,152,144,135,124,111,96,80,63,44,24,4,0,0,0],[0,0,0,18,39,59,78,96,113,128,141,153,162,170,175,179,180,179,175,170,162,153,141,128,113,96,78,59,39,18,0,0,0],[0,0,8,30,52,73,92,111,128,143,157,169,179,186,192,195,197,195,192,186,179,169,157,143,128,111,92,73,52,30,8,0,0],[0,0,19,41,63,85,105,124,141,157,171,183,193,201,207,210,212,210,207,201,193,183,171,157,141,124,105,85,63,41,19,0,0],[0,4,28,51,74,95,116,135,153,169,183,195,206,214,220,223,224,223,220,214,206,195,183,169,153,135,116,95,74,51,28,4,0],[0,11,35,59,82,104,125,144,162,179,193,206,216,224,230,234,235,234,230,224,216,206,193,179,162,144,125,104,82,59,35,11,0],[0,17,41,65,88,111,132,152,170,186,201,214,224,233,239,242,244,242,239,233,224,214,201,186,170,152,132,111,88,65,41,17,0],[0,21,46,70,93,116,137,157,175,192,207,220,230,239,245,248,250,248,245,239,230,220,207,192,175,157,137,116,93,70,46,21,0],[0,24,48,73,96,119,140,160,179,195,210,223,234,242,248,252,253,252,248,242,234,223,210,195,179,160,140,119,96,73,48,24,0],[0,24,49,74,97,120,141,161,180,197,212,224,235,244,250,253,0,0,0,0,0,0,0,0,0,0,0,0,0,0,0,0,0],[0,24,48,73,96,119,140,160,179,195,210,223,234,242,248,252,0,0,0,0,0,0,0,0,0,0,0,0,0,0,0,0,0],[0,21,46,70,93,116,137,157,175,192,207,220,230,239,245,248,250,248,245,239,230,220,207,192,175,157,137,116,93,70,46,21,0],[0,17,41,65,88,111,132,152,170,186,201,214,224,233,239,242,244,242,239,233,224,214,201,186,170,152,132,111,88,65,41,17,0],[0,11,35,59,82,104,125,144,162,179,193,206,216,224,230,234,235,234,230,224,216,206,193,179,162,144,125,104,82,59,35,11,0],[0,4,28,51,74,95,116,135,153,169,183,195,206,214,220,223,224,223,220,214,206,195,183,169,153,135,116,95,74,51,28,4,0],[0,0,19,41,63,85,105,124,141,157,171,183,193,201,207,210,212,210,207,201,193,183,171,157,141,124,105,85,63,41,19,0,0],[0,0,8,30,52,73,92,111,128,143,157,169,179,186,192,195,197,195,192,186,179,169,157,143,128,111,92,73,52,30,8,0,0],[0,0,0,18,39,59,78,96,113,128,141,153,162,170,175,179,180,179,175,170,162,153,141,128,113,96,78,59,39,18,0,0,0],[0,0,0,4,24,44,63,80,96,111,124,135,144,152,157,160,161,160,157,152,144,135,124,111,96,80,63,44,24,4,0,0,0],[0,0,0,0,9,28,46,63,78,92,105,116,125,132,137,140,141,140,137,132,125,116,105,92,78,63,46,28,9,0,0,0,0],[0,0,0,0,0,11,28,44,59,73,85,95,104,111,116,119,120,119,116,111,104,95,85,73,59,44,28,11,0,0,0,0,0],[0,0,0,0,0,0,9,24,39,52,63,74,82,88,93,96,97,96,93,88,82,74,63,52,39,24,9,0,0,0,0,0,0],[0,0,0,0,0,0,0,4,18,30,41,51,59,65,70,73,74,73,70,65,59,51,41,30,18,4,0,0,0,0,0,0,0],[0,0,0,0,0,0,0,0,0,8,19,28,35,41,46,48,49,48,46,41,35,28,19,8,0,0,0,0,0,0,0,0,0],[0,0,0,0,0,0,0,0,0,0,0,4,11,17,21,24,24,24,21,17,11,4,0,0,0,0,0,0,0,0,0,0,0],[0,0,0,0,0,0,0,0,0,0,0,0,0,0,0,0,0,0,0,0,0,0,0,0,0,0,0,0,0,0,0,0,0]],[[0,0,0,0,0,0,0,0,0,0,0,0,0,0,0,0,0,0,0,0,0,0,0,0,0,0,0,0,0,0,0,0,0],[0,0,0,0,0,0,0,0,0,0,0,4,11,17,21